   2441148.0     309.133     -20.552
   2441179.0     313.018      -1.423
   2441210.0     294.759       1.573
   2441240.0     266.010     -17.902
   2441271.0     292.993       3.683
   2441301.0     299.650      -3.643
   2441332.0     349.037      19.383
   2441363.0     356.645       2.689
   2441392.0     374.305      10.895
   2441423.0     369.926      -1.771
   2441453.0     370.080       9.560
   2441484.0     364.590      20.448
   2441514.0     338.400       8.714
   2441545.0     308.814      -5.627
   2441576.0     303.040       9.854
   2441606.0     281.886      -2.026
   2441637.0     283.044      -6.266
   2441667.0     305.547       2.254
   2441698.0     331.967       2.312
   2441729.0     367.883      13.927
   2441757.0     347.543     -15.867
   2441788.0     417.350      45.652
   2441818.0     369.500       8.980
   2441849.0     342.535      -1.608
   2441879.0     339.722      10.037
   2441910.0     312.419      -2.022
   2441941.0     282.358     -10.828
   2441971.0     288.753       4.841
   2442002.0     272.613     -16.698
   2442032.0     300.283      -3.009
   2442063.0     352.239      22.584
   2442094.0     350.327      -3.630
   2442122.0     346.100     -17.310
   2442153.0     368.458      -3.240
   2442183.0     366.655       6.135
   2442214.0     357.133      12.991
   2442244.0     332.278       2.593
   2442275.0     311.157      -3.284
   2442306.0     288.716      -4.470
   2442336.0     322.068      38.156
   2442367.0     310.659      21.349
   2442397.0     290.415     -12.877
   2442428.0     313.158     -16.496
   2442459.0     321.415     -32.541
   2442487.0     380.589      17.179
   2442518.0     375.457       3.760
   2442548.0     356.437      -4.084
   2442579.0     349.186       5.043
   2442609.0     322.153      -7.533
   2442640.0     304.210     -10.231
   2442671.0     291.218      -1.968
   2442701.0     273.055     -10.857
   2442732.0     293.031       3.721
   2442762.0     284.078     -19.215
   2442793.0     330.872       1.218
   2442824.0     324.089     -29.868
   2442853.0     342.787     -20.623
   2442884.0     362.930      -8.768
   2442914.0     346.959     -13.562
   2442945.0     331.652     -12.490
   2442975.0     317.406     -12.279
   2443006.0     317.614       3.173
   2443037.0     302.109       8.923
   2443067.0     268.633     -15.279
   2443098.0     266.621     -22.689
   2443128.0     311.806       8.513
   2443159.0     349.106      19.452
   2443190.0     387.320      33.364
   2443218.0     360.567      -2.843
   2443249.0     380.275       8.577
   2443279.0     373.911      13.391
   2443310.0     357.680      13.537
   2443340.0     334.311       4.626
   2443371.0     321.768       7.327
   2443402.0     288.732      -4.454
   2443432.0     263.730     -20.182
   2443463.0     292.536       3.225
   2443493.0     312.850       9.557
   2443524.0     354.935      25.281
   2443555.0     366.859      12.902
   2443583.0     348.800     -14.610
   2443614.0     391.772      20.075
   2443644.0     372.153      11.632
   2443675.0     356.406      12.263
   2443705.0     380.700      51.014
   2443767.0     272.531     -20.655
   2443797.0     273.050     -10.862
   2443828.0     277.821     -11.489
   2443858.0     298.665      -4.628
   2443889.0     346.865      17.210
   2443920.0     376.810      22.853
   2443948.0     407.621      44.211
   2443979.0     415.494      43.796
   2444009.0     377.595      17.075
   2444040.0     350.585       6.442
   2444070.0     340.536      10.851
   2444101.0     310.364      -4.077
   2444132.0     284.538      -8.648
   2444162.0     283.090      -0.822
   2444193.0     282.444      -6.866
   2444223.0     335.988      32.695
   2444254.0     330.161       0.507
   2444285.0     336.420     -17.536
   2444314.0     372.160       8.750
   2444345.0     396.548      24.850
   2444375.0     397.756      37.235
   2444406.0     366.162      22.019
   2444436.0     317.100     -12.586
   2444467.0     304.020     -10.421
   2444528.0     329.100      45.188
   2444559.0     297.065       7.754
   2444589.0     318.878      15.585
   2444620.0     321.564      -8.090
   2444651.0     368.989      15.032
   2444679.0     364.922       1.513
   2444710.0     380.623       8.925
   2444740.0     368.041       7.521
   2444771.0     345.259       1.117
   2444801.0     337.127       7.441
   2444832.0     310.150      -4.291
   2444863.0     299.045       5.859
   2444893.0     310.643      26.731
   2444924.0     277.265     -12.046
   2444954.0     333.171      29.879
   2444985.0     356.706      27.051
   2445016.0     381.445      27.489
   2445044.0     407.750      44.340
   2445075.0     373.570       1.872
   2445105.0     372.689      12.168
   2445136.0     355.378      11.236
   2445166.0     331.900       2.214
   2445197.0     329.296      14.855
   2445228.0     289.748      -3.438
   2445258.0     288.586       4.674
   2445289.0     272.610     -16.700
   2445319.0     284.453     -18.840
   2445350.0     298.635     -31.019
   2445381.0     336.857     -17.099
   2445409.0     338.804     -24.605
   2445440.0     379.341       7.643
   2445470.0     380.950      20.430
   2445501.0     336.282      -7.861
   2445531.0     321.323      -8.362
   2445562.0     318.925       4.484
   2445593.0     287.700      -5.486
   2445623.0     275.159      -8.753
   2445654.0     263.732     -25.578
   2445684.0     298.735      -4.558
   2445715.0     358.094      28.440
   2445746.0     344.400      -9.556
   2445775.0     385.757      22.347
   2445806.0     369.988      -1.709
   2445836.0     397.007      36.487
   2445867.0     355.307      11.165
   2445897.0     325.931      -3.755
   2445928.0     320.296       5.855
   2445959.0     303.346      10.160
   2445989.0     297.144      13.232
   2446020.0     287.296      -2.015
   2446050.0     310.226       6.933
   2446081.0     358.796      29.141
   2446112.0     347.785      -6.172
   2446140.0     370.296       6.887
   2446171.0     352.119     -19.579
   2446201.0     356.289      -4.231
   2446232.0     359.459      15.317
   2446262.0     322.789      -6.896
   2446293.0     311.468      -2.973
   2446324.0     279.314     -13.872
   2446354.0     273.652     -10.260
   2446385.0     308.005      18.695
   2446415.0     320.075      16.782
   2446446.0     365.505      35.850
   2446477.0     376.254      22.297
   2446505.0     367.741       4.331
   2446536.0     407.138      35.441
   2446566.0     355.989      -4.531
   2446597.0     334.746      -9.396
   2446627.0     328.100      -1.586
   2446689.0     274.690     -18.496
   2446719.0     282.022      -1.890
   2446750.0     293.484       4.174
   2446780.0     308.508       5.216
   2446811.0     306.444     -23.210
   2446842.0     358.138       4.182
   2446870.0     397.793      34.383
   2446901.0     372.118       0.420
   2446931.0     390.007      29.487
   2446962.0     360.680      16.537
   2446992.0     338.110       8.425
   2447023.0     323.120       8.679
   2447054.0     292.507      -0.679
   2447084.0     297.465      13.553
   2447115.0     296.985       7.675
   2447145.0     293.062     -10.231
   2447176.0     339.483       9.829
   2447207.0     345.662      -8.294
   2447236.0     381.140      17.730
   2447267.0     366.570      -5.128
   2447297.0     367.431       6.911
   2447328.0     357.141      12.999
   2447358.0     337.411       7.725
   2447389.0     317.833       3.392
   2447420.0     292.396      -0.790
   2447450.0     280.093      -3.819
   2447481.0     266.336     -22.974
   2447511.0     324.652      21.359
   2447542.0     311.244     -18.410
   2447573.0     379.987      26.031
   2447601.0     355.738      -7.672
   2447632.0     387.879      16.182
   2447662.0     354.310      -6.211
   2447693.0     353.972       9.830
   2447723.0     327.881      -1.805
   2447754.0     312.848      -1.593
   2447785.0     294.510       1.324
   2447815.0     278.003      -5.909
   2447846.0     280.848      -8.462
   2447876.0     304.206       0.913
   2447907.0     315.693     -13.961
   2447938.0     324.861     -29.096
   2447966.0     328.290     -35.119
   2447997.0     375.023       3.326
   2448027.0     344.506     -16.014
   2448058.0     344.950       0.807
   2448088.0     321.255      -8.431
   2448119.0     307.653      -6.788
   2448150.0     293.262       0.075
   2448180.0     278.197      -5.715
   2448211.0     300.132      10.822
   2448241.0     302.100      -1.193
   2448272.0     348.692      19.038
   2448303.0     375.815      21.858
   2448331.0     355.848      -7.561
   2448362.0     381.390       9.692
   2448392.0     373.658      13.138
   2448423.0     366.247      22.104
   2448453.0     327.984      -1.702
   2448484.0     310.452      -3.989
   2448515.0     288.833      -4.353
   2448545.0     289.039       5.127
   2448576.0     287.372      -1.938
   2448606.0     264.186     -39.107
   2448637.0     270.153     -59.501
   2448668.0     324.269     -29.687
   2448697.0     349.616     -13.794
   2448728.0     366.310      -5.388
   2448758.0     342.058     -18.462
   2448789.0     340.890      -3.253
   2448819.0     317.384     -12.302
   2448850.0     296.345     -18.096
   2448881.0     287.753      -5.433
   2448911.0     286.768       2.856
   2448942.0     266.496     -22.814
   2448972.0     287.107     -16.186
   2449003.0     287.897     -41.758
   2449034.0     285.574     -68.382
   2449062.0     323.626     -39.784
   2449093.0     334.357     -37.341
   2449123.0     339.287     -21.234
   2449154.0     321.021     -23.122
   2449184.0     319.039     -10.647
   2449215.0     302.832     -11.609
   2449246.0     295.917       2.730
   2449276.0     280.716      -3.196
   2449307.0     295.155       5.845
   2449337.0     302.889      -0.404
   2449368.0     340.515      10.861
   2449399.0     378.307      24.351
   2449427.0     328.997     -34.413
   2449458.0     388.890      17.192
   2449488.0     360.690       0.170
   2449519.0     334.517      -9.626
   2449549.0     324.355      -5.331
   2449580.0     314.813       0.372
   2449611.0     310.189      17.003
   2449641.0     280.361      -3.551
   2449672.0     277.673     -11.637
   2449702.0     293.708      -9.585
   2449733.0     302.007     -27.648
   2449764.0     331.732     -22.224
   2449792.0     346.494     -16.916
   2449823.0     332.017     -39.681
   2449853.0     338.961     -21.559
   2449884.0     318.053     -26.089
   2449914.0     309.074     -20.611
   2449945.0     301.203     -13.238
   2449976.0     289.967      -3.220
   2450006.0     262.294     -21.618
   2450037.0     270.340     -18.970
   2450067.0     311.100       7.807
   2450098.0     320.110      -9.545
   2450129.0     348.250      -5.706
   2450158.0     329.965     -33.445
   2450189.0     339.367     -32.331
   2450219.0     354.784      -5.737
   2450250.0     334.260      -9.883
   2450280.0     326.558      -3.127
   2450311.0     310.116      -4.325
   2450342.0     288.683      -4.503
   2450372.0     274.484      -9.428
   2450403.0     277.717     -11.593
   2450433.0     301.567      -1.726
   2450464.0     327.434      -2.220
   2450495.0     336.061     -17.896
   2450523.0     325.242     -38.168
   2450554.0     323.390     -48.308
   2450584.0     340.006     -20.514
   2450615.0     344.461       0.318
   2450645.0     330.290       0.605
   2450676.0     305.077      -9.364
   2450707.0     269.787     -23.400
   2450737.0     267.174     -16.738
   2450768.0     283.610      -5.700
   2450798.0     289.241     -14.051
   2450829.0     328.303      -1.351
   2450860.0     316.000     -37.956
   2450888.0     347.767     -15.643
   2450919.0     394.197      22.499
   2450949.0     359.139      -1.382
   2450980.0     349.700       5.557
   2451010.0     339.729      10.043
   2451041.0     316.358       1.917
   2451072.0     304.290      11.103
   2451102.0     295.361      11.449
   2451133.0     285.186      -4.124
   2451163.0     299.803      -3.489
   2451194.0     314.874     -14.780
   2451225.0     352.968      -0.989
   2451253.0     378.580      15.170
   2451284.0     376.503       4.806
   2451314.0     350.061     -10.459
   2451345.0     350.243       6.101
   2451375.0     327.058      -2.627
   2451406.0     319.132       4.691
   2451437.0     293.147      -0.040
   2451467.0     288.110       4.198
   2451498.0     283.255      -6.055
   2451528.0     310.269       6.976
   2451559.0     310.387     -19.268
   2451590.0     331.303     -22.653
   2451619.0     348.900     -14.510
   2451650.0     366.537      -5.161
   2451680.0     351.239      -9.282
   2451711.0     321.387     -22.756
   2451741.0     338.177       8.492
   2451772.0     308.468      -5.973
   2451803.0     290.873      -2.313
   2451833.0     290.816       6.904
   2451864.0     300.124      10.814
   2451894.0     324.615      21.322
   2451925.0     337.641       7.987
   2451956.0     348.257      -5.699
   2451984.0     380.542      17.132
   2452015.0     390.183      18.486
   2452045.0     356.242      -4.279
   2452076.0     349.290       5.147
   2452106.0     332.645       2.960
   2452137.0     321.110       6.669
   2452168.0     320.683      27.497
   2452198.0     283.561      -0.351
   2452229.0     281.011      -8.300
   2452259.0     282.257     -21.036
   2452290.0     302.189     -27.465
   2452321.0     343.905     -10.052
   2452349.0     355.156      -8.254
   2452380.0     378.520       6.822
   2452410.0     359.023      -1.497
   2452441.0     338.630      -5.513
   2452471.0     329.661      -0.024
   2452502.0     321.984       7.543
   2452533.0     299.690       6.504
   2452563.0     294.348      10.436
   2452594.0     315.773      26.463
   2452624.0     306.647       3.354
   2452655.0     351.307      21.652
   2452686.0     370.175      16.219
   2452714.0     357.755      -5.655
   2452745.0     376.837       5.139
   2452775.0     369.429       8.909
   2452806.0     330.470     -13.673
   2452836.0     333.671       3.985
   2452867.0     310.839      -3.602
   2452898.0     297.004       3.817
   2452928.0     292.635       8.723
   2452959.0     301.997      12.686
   2452989.0     289.500     -13.793
   2453020.0     322.858      -6.797
   2453051.0     359.389       5.432
   2453080.0     377.432      14.023
   2453111.0     374.587       2.889
   2453141.0     366.916       6.396
   2453172.0     348.313       4.171
   2453202.0     330.348       0.663
   2453233.0     319.110       4.669
   2453264.0     288.093      -5.093
   2453294.0     290.794       6.882
   2453325.0     281.133      -8.177
   2453355.0     305.050       1.757
   2453386.0     314.403     -15.251
   2453417.0     356.364       2.408
   2453445.0     344.817     -18.592
   2453476.0     371.847       0.149
   2453506.0     353.655      -6.866
   2453537.0     331.590     -12.553
   2453567.0     337.429       7.743
   2453598.0     317.810       3.369
   2453629.0     288.230      -4.956
   2453659.0     278.758      -5.154
   2453690.0     293.160       3.850
   2453720.0     316.571      13.279
   2453751.0     307.658     -21.996
   2453782.0     373.775      19.819
   2453810.0     382.848      19.439
   2453841.0     385.083      13.386
   2453871.0     367.271       6.750
   2453902.0     337.913      -6.229
   2453932.0     322.287      -7.398
   2453963.0     337.045      22.604
   2453994.0     284.157      -9.030
   2454024.0     274.171      -9.741
   2454055.0     288.377      -0.934
   2454085.0     285.977     -17.316
   2454116.0     329.007      -0.648
   2454147.0     358.129       4.172
   2454175.0     403.606      40.197
   2454206.0     350.773     -20.924
   2454236.0     345.648     -14.872
   2454267.0     343.113      -1.029
   2454297.0     333.848       4.163
   2454328.0     315.052       0.611
   2454359.0     298.023       4.837
   2454389.0     273.152     -10.760
   2454420.0     277.453     -11.857
   2454450.0     313.856      10.563
   2454481.0     310.000     -19.654
   2454512.0     312.786     -41.170
   2454541.0     375.913      12.503
   2454572.0     380.957       9.259
   2454602.0     351.665      -8.856
   2454633.0     337.617      -6.526
   2454663.0     326.642      -3.044
   2454694.0     307.816      -6.625
   2454725.0     286.969      -6.217
   2454755.0     281.587      -2.325
   2454786.0     287.383      -1.927
   2454816.0     298.167      -5.126
   2454847.0     353.075      23.421
   2454878.0     389.852      35.895
   2454906.0     366.755       3.345
   2454937.0     355.843     -15.854
   2454967.0     337.445     -23.075
   2454998.0     339.217      -4.926
   2455028.0     323.665      -6.021
   2455059.0     300.018     -14.423
   2455090.0     293.497       0.310
   2455120.0     281.613      -2.299
   2455151.0     294.754       5.443
   2455181.0     333.356      30.063
   2455212.0     355.196      25.542
   2455243.0     379.950      25.994
   2455271.0     401.858      38.448
   2455302.0     383.183      11.486
   2455332.0     379.683      19.163
   2455363.0     354.240      10.097
   2455393.0     331.787       2.102
   2455424.0     329.103      14.662
   2455455.0     311.379      18.193
   2455485.0     292.283       8.371
   2455516.0     318.811      29.500
   2455546.0     342.503      39.211
   2455577.0     340.224      10.570
   2455608.0     346.843      -7.114
   2455636.0     352.497     -10.913
   2455667.0     342.433     -29.264
   2455697.0     347.687     -12.833
   2455728.0     339.830      -4.313
   2455758.0     334.481       4.795
   2455789.0     305.219      -9.222
   2455820.0     281.386     -11.801
   2455850.0     284.016       0.104
   2455881.0     273.267     -16.044
   2455911.0     287.190     -16.102
   2455942.0     287.257     -42.398
   2455973.0     334.283     -19.674
   2456002.0     334.861     -28.548
   2456033.0     376.940       5.242
   2456063.0     355.403      -5.117
   2456094.0     337.120      -7.023
   2456124.0     337.610       7.924
   2456155.0     310.839      -3.602
   2456186.0     291.347      -1.840
   2456216.0     282.768      -1.144
   2456247.0     302.893      13.583
   2456277.0     303.816       0.523
   2456308.0     367.029      37.374
   2456339.0     378.268      24.311
   2456367.0     386.803      23.394
   2456398.0     385.287      13.589
   2456428.0     368.358       7.838
   2456459.0     347.357       3.214
   2456489.0     332.552       2.866
   2456520.0     318.752       4.311
   2456551.0     290.353      -2.833
   2456581.0     287.648       3.736
   2456612.0     304.993      15.683
   2456642.0     304.234       0.942
   2456673.0     360.879      31.224
   2456704.0     392.996      39.040
   2456732.0     362.152      -1.258
   2456763.0     360.183     -11.514
   2456793.0     366.168       5.647
   2456824.0     346.487       2.344
   2456854.0     336.558       6.873
   2456885.0     338.919      24.478
   2456916.0     287.293      -5.893
   2456946.0     281.510      -2.402
   2456977.0     289.470       0.160
   2457007.0     311.115       7.823
   2457038.0     353.182      23.527
   2457069.0     380.007      26.051
   2457097.0     373.368       9.958
   2457128.0     358.320     -13.378
   2457158.0     367.265       6.744
   2457189.0     351.137       6.994
   2457219.0     329.890       0.205
   2457250.0     312.665      -1.776
   2457281.0     307.897      14.710
   2457311.0     296.497      12.585
   2457342.0     288.687      -0.624
   2457372.0     283.319     -19.973
   2457403.0     353.130      23.475
   2457434.0     339.421     -14.535
   2457463.0     357.194      -6.216
   2457494.0     389.500      17.802
   2457524.0     366.077       5.556
   2457555.0     341.457      -2.686
   2457585.0     326.513      -3.173
   2457616.0     309.673      -4.768
   2457647.0     284.937      -8.250
   2457677.0     296.039      12.127
   2457708.0     289.913       0.603
   2457738.0     298.300      -4.993
   2457769.0     326.810      -2.844
   2457800.0     360.107       6.151
   2457828.0     355.003      -8.406
   2457859.0     352.727     -18.971
   2457889.0     359.294      -1.227
   2457920.0     329.417     -14.726
   2457950.0     333.790       4.105
   2457981.0     317.332       2.891
   2458012.0     320.600      27.414
   2458042.0     278.194      -5.718
   2458073.0     305.553      16.243
   2458103.0     306.071       2.779
   2458134.0     353.773      24.119
   2458165.0     400.826      46.870
   2458193.0     422.113      58.703
   2458224.0     371.131      -0.567
   2458254.0     355.961      -4.559
   2458285.0     343.693      -0.449
   2458315.0     333.016       3.331
   2458346.0     319.377       4.936
   2458377.0     292.057      -1.130
   2458407.0     290.235       6.323
   2458438.0     319.680      30.370
   2458468.0     310.573       7.281

