1979   1.85   4.11   0.87  -3.58 -12.91 -19.61 -21.28 -22.25 -22.71 -23.33 -22.21 -17.00
1980 -10.12  -5.66  -2.92   2.30   6.23   7.32   8.73   9.60  12.65  13.09  12.14   9.72
1981   8.21   6.71   7.50   8.27   3.00  -3.50  -5.24  -8.25  -8.60  -9.54  -9.63 -12.32
1982 -12.53 -14.72 -16.68 -15.56 -15.27 -15.95  -8.97  -1.60   4.19   8.26   9.50  10.34
1983  10.84  11.38  12.16  13.80  11.92   3.11  -3.40  -6.54  -7.76 -10.13 -10.30 -11.43
1984 -10.66 -11.35 -12.99 -14.59 -15.06 -17.98 -25.40 -27.91 -25.45 -21.60 -13.20  -8.17
1985  -0.38   4.16   6.35  11.10  13.55  13.88  11.09  11.07  11.70  11.83  11.62   9.87
1986   8.73  10.14  11.95   9.10   3.55  -2.17  -5.26  -9.61 -10.22  -9.61  -8.02 -10.52
1987  -9.94 -11.38 -14.24 -16.21 -20.06 -21.48 -13.97  -0.61   5.86   9.34   9.22   8.40
1988   7.80   6.16   5.85   6.58   5.45   0.41  -3.97  -2.59  -2.31  -1.54  -0.85  -2.44
1989  -2.88  -3.57  -1.64  -1.94  -5.47  -9.39 -13.87 -16.99 -18.84 -21.31 -19.02 -13.55
1990  -8.72  -6.75   0.94   5.71  11.45  12.89  12.53  12.62  13.20  12.38  11.54  10.67
1991   8.70   8.43   8.99  10.68   3.81  -3.35 -10.37 -14.70 -13.97 -12.22 -12.28 -12.69
1992 -13.97 -14.34 -16.85 -17.80 -15.97 -15.35 -12.06  -4.76   1.29   3.93   6.32   8.18
1993   9.62  10.79  11.35  12.59  13.55   6.54   0.37  -1.21  -1.15  -4.05  -5.77  -6.01
1994  -7.65  -9.85 -11.31 -14.72 -18.04 -23.09 -28.66 -27.03 -19.08 -10.30  -0.31   5.92
1995   8.37   8.00   8.78  11.78  14.91  15.61  11.73   9.50   6.97   3.42  -0.86  -4.65
1996  -5.80  -6.91  -9.94 -11.09 -14.89 -17.04 -23.94 -25.86 -26.03 -23.41 -18.09  -9.87
1997  -3.59   1.93   4.49   9.20  12.50  14.67  14.57  11.36  12.00  11.39   8.22   3.04
1998   0.74  -2.88  -4.99  -7.16 -12.56 -17.61 -22.62 -23.96 -20.99 -18.24 -13.29  -5.16
1999   1.40   3.97   6.79  12.14  15.05  15.18  13.42  12.26  11.29   9.43   6.54   5.82
2000   4.62   4.48   5.72   5.17  -0.30  -7.26 -13.25 -15.35 -15.49 -14.21 -14.57 -13.60
2001 -15.02 -14.84 -16.22 -17.29 -20.44 -23.01 -24.54 -21.68 -14.31 -10.83  -3.89   1.47
2002   4.63   7.99   9.31  14.02  14.15  13.25  10.05  10.59   8.89   7.66   4.45  -0.51
2003  -1.40  -1.45  -3.31  -8.57 -13.93 -17.72 -23.00 -24.65 -22.52 -20.35 -17.87 -11.39
2004  -4.84   2.60   5.45  10.45  12.96  11.75   9.95   8.81   7.21   7.83   4.40   2.26
2005  -0.46  -0.88  -0.34  -6.65 -15.10 -20.60 -24.21 -25.87 -27.81 -28.77 -29.55 -25.05
2006 -18.84 -11.25  -0.39   5.00  10.35  11.46  10.75  10.75  10.19  10.86  10.09   6.20
2007   2.60   2.42   1.24  -5.19 -14.07 -21.34 -24.93 -27.42 -28.15 -29.06 -27.61 -19.49
2008 -12.43  -4.71   2.18   6.42  11.52  13.45  13.26  11.62  11.59  11.04   9.12  10.46
2009  10.71  12.33  11.44   9.10   1.55  -5.48 -12.21 -14.46 -13.82 -11.70 -13.83 -15.57
2010 -16.02 -16.98 -19.68 -23.57 -26.28 -25.05  -9.85   1.44   6.57  10.83  12.16  10.96
2011   9.18  10.05  10.44  10.71  10.02   3.90   0.44  -0.49  -2.30  -3.05  -9.09 -16.25
2012 -16.09 -15.26 -16.75 -17.63 -22.06 -25.90 -27.84 -27.94 -26.61 -24.51 -18.95 -10.03
2013  -6.07  -1.24   2.85   8.39  12.64  13.38  14.28  14.66  13.12  11.69  12.45  12.55
2014  13.13  12.68  11.71   7.14  -2.81 -13.98 -19.28 -21.65 -23.24 -23.86 -23.65 -25.35
2015 -26.70 -28.62 -28.15 -24.38 -12.34   2.18   7.45  10.96  12.07  13.38  12.79  11.39
2016   9.34   6.77   3.16   0.64   2.37   3.86   6.25  10.07  10.48  12.83  14.16  15.09
2017  14.92  14.78  14.35  13.88   8.01  -3.18 -10.48 -14.42 -15.28 -16.79 -17.20 -18.12
2018 -19.02 -19.37 -19.77 -21.41 -24.23 -28.45 -29.10 -20.41  -9.91  -2.79   3.36   8.05